x r i
-2.000000000000000000e+01 5.711484692272080986e-07 -1.277751048708857051e-06
-1.991983967935871647e+01 7.422653375235715138e-07 -1.357053866822053139e-06
-1.983967935871743649e+01 9.374128177904821979e-07 -1.428698526067888342e-06
-1.975951903807615295e+01 1.158177681072017723e-06 -1.489730907351475786e-06
-1.967935871743486942e+01 1.406013778621457666e-06 -1.536773102391869303e-06
-1.959919839679358589e+01 1.682188966113536890e-06 -1.565998276412772721e-06
-1.951903807615230590e+01 1.987724902458115184e-06 -1.573108626186960687e-06
-1.943887775551102237e+01 2.323329436760679955e-06 -1.553317423026397369e-06
-1.935871743486973884e+01 2.689321377116146179e-06 -1.501336241686716072e-06
-1.927855711422845530e+01 3.085547533446562430e-06 -1.411368587831927624e-06
-1.919839679358717532e+01 3.511292044964964174e-06 -1.277111246681085586e-06
-1.911823647294589179e+01 3.965178142421453390e-06 -1.091764781414165768e-06
-1.903807615230460826e+01 4.445062657254607487e-06 -8.480547092020058263e-07
-1.895791583166332828e+01 4.947923775116889747e-06 -5.382649723625513703e-07
-1.887775551102204474e+01 5.469742740686011926e-06 -1.542853988176069922e-07
-1.879759519038076121e+01 6.005380454614704262e-06 3.123250939144902069e-07
-1.871743486973947768e+01 6.548450161927970346e-06 8.702577574646847382e-07
-1.863727454909819770e+01 7.091187713715507975e-06 1.528353925705291401e-06
-1.855711422845691416e+01 7.624321189649464730e-06 2.295483788471761288e-06
-1.847695390781563063e+01 8.136941996156735245e-06 3.180402280952923801e-06
-1.839679358717435065e+01 8.616379901824476498e-06 4.191580431537670765e-06
-1.831663326653306711e+01 9.048084834929039785e-06 5.337010642664328956e-06
-1.823647294589178358e+01 9.415518644198017005e-06 6.623984560041770077e-06
-1.815631262525050005e+01 9.700060408545624794e-06 8.058842420496971980e-06
-1.807615230460922007e+01 9.880929269185572954e-06 9.646693062491825375e-06
-1.799599198396793653e+01 9.935129141914243007e-06 1.139110414062162082e-05
-1.791583166332665300e+01 9.837420041199722954e-06 1.329376251033259453e-05
-1.783567134268536947e+01 9.560321102757069863e-06 1.535410524532840183e-05
-1.775551102204408949e+01 9.074150718295826719e-06 1.756892232062592867e-05
-1.767535070140280595e+01 8.347109484880798412e-06 1.993193264109467948e-05
-1.759519038076152242e+01 7.345411910694513033e-06 2.243333581965823483e-05
-1.751503006012023889e+01 6.033472996887974923e-06 2.505934291106663296e-05
-1.743486973947895891e+01 4.374155918809984524e-06 2.779169018477924426e-05
-1.735470941883767537e+01 2.329087045663895299e-06 3.060714097100644768e-05
-1.727454909819639184e+01 -1.409555485511218381e-07 3.347698163255088239e-05
-1.719438877755511186e+01 -3.075574132612383656e-06 3.636651879507352792e-05
-1.711422845691382832e+01 -6.514198307773196375e-06 3.923458610096176733e-05
-1.703406813627254479e+01 -1.049544180285206108e-05 4.203306992604526239e-05
-1.695390781563126126e+01 -1.505636457783146374e-05 4.470646470052865604e-05
-1.687374749498998128e+01 -2.023163655290816248e-05 4.719146968969944935e-05
-1.679358717434869774e+01 -2.605260028057889660e-05 4.941664029764878026e-05
-1.671342685370741421e+01 -3.254623107733294426e-05 5.130210813715709733e-05
-1.663326653306613423e+01 -3.973399453873294407e-05 5.275938523712158881e-05
-1.655310621242485070e+01 -4.763060298482026751e-05 5.369126880885194566e-05
-1.647294589178356716e+01 -5.624267422709873358e-05 5.399186393510005985e-05
-1.639278557114228363e+01 -6.556729811603003518e-05 5.354674234923506723e-05
-1.631262525050100365e+01 -7.559051861770845664e-05 5.223325610273388833e-05
-1.623246492985972012e+01 -8.628574167498056407e-05 4.992102534137243846e-05
-1.615230460921843658e+01 -9.761208182205434014e-05 4.647261958681493725e-05
-1.607214428857715305e+01 -1.095126634281398892e-04 4.174445181214954110e-05
-1.599198396793587307e+01 -1.219128955249950281e-04 3.558790416806882916e-05
-1.591182364729458953e+01 -1.347187423999761098e-04 2.785070342148827937e-05
-1.583166332665330600e+01 -1.478150154786743659e-04 1.837856297163944903e-05
-1.575150300601202424e+01 -1.610637154416348627e-04 7.017106672548784783e-06
-1.567134268537074249e+01 -1.743024569734494906e-04 -6.385912420050179796e-06
-1.559118236472945895e+01 -1.873430119786100511e-04 -2.197808787732397366e-05
-1.551102204408817542e+01 -1.999700104589926923e-04 -3.989952295496229190e-05
-1.543086172344689366e+01 -2.119398414681884411e-04 -6.027967724582920399e-05
-1.535070140280561191e+01 -2.229797995671573235e-04 -8.323389758251206717e-05
-1.527054108216432837e+01 -2.327875249268034736e-04 -1.088596387200681237e-04
-1.519038076152304662e+01 -2.410307875734117751e-04 -1.372323847932262436e-04
-1.511022044088176486e+01 -2.473476681648851573e-04 -1.684012885873585347e-04
-1.503006012024048133e+01 -2.513471890276833894e-04 -2.023845522707247359e-04
-1.494989979959919779e+01 -2.526104498815672839e-04 -2.391645803774000722e-04
-1.486973947895791603e+01 -2.506923226350019442e-04 -2.786829434638307549e-04
-1.478957915831663428e+01 -2.451237587511954767e-04 -3.208351989316401498e-04
-1.470941883767535074e+01 -2.354147608671153583e-04 -3.654656239454098093e-04
-1.462925851703406721e+01 -2.210580675020198396e-04 -4.123619240920252632e-04
-1.454909819639278545e+01 -2.015335957293928957e-04 -4.612499903278220823e-04
-1.446893787575150370e+01 -1.763136815246844154e-04 -5.117887857255375844e-04
-1.438877755511022016e+01 -1.448691510679123824e-04 -5.635654524337159552e-04
-1.430861723446893841e+01 -1.066762485131725850e-04 -6.160907379500190359e-04
-1.422845691382765665e+01 -6.122443658828578264e-05 -6.687948481252663138e-04
-1.414829659318637312e+01 -8.025075825214114168e-06 -7.210238420812661517e-04
-1.406813627254508958e+01 5.337902376799238757e-05 -7.720366912541998554e-04
-1.398797595190380783e+01 1.234031981923940124e-04 -8.210031308665442177e-04
-1.390781563126252607e+01 2.024097064970548077e-04 -8.670024370750296699e-04
-1.382765531062124253e+01 2.906957398976189161e-04 -9.090232666236500387e-04
-1.374749498997995900e+01 3.884807308767793664e-04 -9.459646978284197080e-04
-1.366733466933867724e+01 4.958930486772666077e-04 -9.766386119123946115e-04
-1.358717434869739549e+01 6.129561870925804732e-04 -9.997735518754008715e-04
-1.350701402805611195e+01 7.395745707628056205e-04 -1.014020192009009629e-03
-1.342685370741483020e+01 8.755191270802505695e-04 -1.017958544649633134e-03
-1.334669338677354844e+01 1.020412792056044939e-03 -1.010107021611832438e-03
-1.326653306613226491e+01 1.173716139813974846e-03 -9.889334557900619424e-04
-1.318637274549098137e+01 1.334713346448619534e-03 -9.528681735142521727e-04
-1.310621242484969962e+01 1.502498719465787625e-03 -9.003191902764103071e-04
-1.302605210420841786e+01 1.675964043539190972e-03 -8.296895813296509660e-04
-1.294589178356713433e+01 1.853787011465957276e-03 -7.393970543554412994e-04
-1.286573146292585079e+01 2.034421025558633134e-03 -6.278957239013504893e-04
-1.278557114228456904e+01 2.216086668827172389e-03 -4.937000566620924642e-04
-1.270541082164328728e+01 2.396765156720474192e-03 -3.354109230167950104e-04
-1.262525050100200374e+01 2.574194088444374789e-03 -1.517436537092755407e-04
-1.254509018036072199e+01 2.745865821480079384e-03 5.844203860854253133e-05
-1.246492985971944023e+01 2.909028793427312267e-03 2.961104547663257619e-04
-1.238476953907815670e+01 3.060692111236147303e-03 5.620168467023861896e-04
-1.230460921843687316e+01 3.197633718838591588e-03 8.566731677058649986e-04
-1.222444889779559141e+01 3.316412439743500647e-03 1.180312951795075248e-03
-1.214428857715430965e+01 3.413384170954576659e-03 1.532855685402351479e-03
-1.206412825651302612e+01 3.484722478298820248e-03 1.913871081060879945e-03
-1.198396793587174436e+01 3.526443810660185446e-03 2.322543708496457512e-03
-1.190380761523046083e+01 3.534437511517113037e-03 2.757638482664225617e-03
-1.182364729458917907e+01 3.504500760481226839e-03 3.217467550031362800e-03
-1.174348697394789554e+01 3.432378525214044816e-03 3.699859152941207662e-03
-1.166332665330661378e+01 3.313808545244183688e-03 4.202129086312131681e-03
-1.158316633266533024e+01 3.144571304011529143e-03 4.721055390313142093e-03
-1.150300601202404849e+01 2.920544874233124873e-03 5.252856946084611886e-03
-1.142284569138276673e+01 2.637764444844965459e-03 5.793176658107126661e-03
-1.134268537074148320e+01 2.292486255877673480e-03 6.337069915541628483e-03
-1.126252505010020144e+01 1.881255581353025695e-03 6.878999024878961963e-03
-1.118236472945891791e+01 1.400978310455739447e-03 7.412834296697233712e-03
-1.110220440881763615e+01 8.489955847843203181e-04 7.931862449443301613e-03
-1.102204408817635262e+01 2.231608554866267133e-04 8.428802962224188344e-03
-1.094188376753507086e+01 -4.780813702625618679e-04 8.895832966001767511e-03
-1.086172344689378733e+01 -1.255615917373498853e-03 9.324621207838638612e-03
-1.078156312625250557e+01 -2.109577380481387782e-03 9.706371555580932051e-03
-1.070140280561122204e+01 -3.039271613166269568e-03 1.003187643037936616e-02
-1.062124248496994028e+01 -4.043099352426002095e-03 1.029158046170100711e-02
-1.054108216432865852e+01 -5.118483136549533026e-03 1.047565455411774392e-02
-1.046092184368737499e+01 -6.261798740157913969e-03 1.057408043751525105e-02
-1.038076152304609323e+01 -7.468312405226901901e-03 1.057674564300387261e-02
-1.030060120240480970e+01 -8.732125189654273492e-03 1.047354870650483126e-02
-1.022044088176352794e+01 -1.004612578369488279e-02 1.025451425173542347e-02
-1.014028056112224441e+01 -1.140195315772657772e-02 9.909917445361406466e-03
-1.006012024048096265e+01 -1.278997040077766920e-02 9.430417150893551093e-03
-9.979959919839679117e+00 -1.419925108662038402e-02 8.807196936178762758e-03
-9.899799599198397360e+00 -1.561757946172812918e-02 8.032112914001323517e-03
-9.819639278557113826e+00 -1.703146568591770021e-02 7.097847218504310142e-03
-9.739478957915832069e+00 -1.842617727115930526e-02 5.998065744208479905e-03
-9.659318637274550312e+00 -1.978578775620424071e-02 4.727578601861985239e-03
-9.579158316633266779e+00 -2.109324352397799751e-02 3.282501578881805507e-03
-9.498997995991985022e+00 -2.233044951505571210e-02 1.660416734550588386e-03
-9.418837675350701488e+00 -2.347837441423218305e-02 -1.394698856818508330e-04
-9.338677354709419731e+00 -2.451717568882852763e-02 -2.116175563505325388e-03
-9.258517034068136198e+00 -2.542634463791676805e-02 -4.266795508702433785e-03
-9.178356713426854441e+00 -2.618487137244024029e-02 -6.586367100396318952e-03
-9.098196392785570907e+00 -2.677142938900845329e-02 -9.067746190243147417e-03
-9.018036072144289150e+00 -2.716457912707726657e-02 -1.170149793181408590e-02
-8.937875751503005617e+00 -2.734298961281743032e-02 -1.447580461398765943e-02
-8.857715430861723860e+00 -2.728567699612817130e-02 -1.737639295831246850e-02
-8.777555110220442103e+00 -2.697225848324139377e-02 -2.038648328887767217e-02
-8.697394789579158569e+00 -2.638321985980270068e-02 -2.348676289641382642e-02
-8.617234468937876812e+00 -2.550019449214162293e-02 -2.665538579470446562e-02
-8.537074148296593279e+00 -2.430625139186964184e-02 -2.986800090588332540e-02
-8.456913827655311522e+00 -2.278618963542623083e-02 -3.309781051125909590e-02
-8.376753507014027988e+00 -2.092683615037095948e-02 -3.631566056589719677e-02
-8.296593186372746231e+00 -1.871734361887615258e-02 -3.949016419876422157e-02
-8.216432865731462698e+00 -1.614948501085644236e-02 -4.258785940687674632e-02
-8.136272545090180941e+00 -1.321794104934389050e-02 -4.557340160322144451e-02
-8.056112224448897408e+00 -9.920576733866950242e-03 -4.840979129651042795e-02
-7.975951903807615651e+00 -6.258702908384258107e-03 -5.105863676896375131e-02
-7.895791583166333893e+00 -2.237318763187125768e-03 -5.348045117979131902e-02
-7.815631262525050360e+00 2.134668890725347368e-03 -5.563498306096924945e-02
-7.735470941883768603e+00 6.844253737223409718e-03 -5.748157869298216316e-02
-7.655310621242485070e+00 1.187416957062977473e-02 -5.897957435667888770e-02
-7.575150300601203313e+00 1.720276541291073866e-02 -6.008871595903757246e-02
-7.494989979959919779e+00 2.280391996738858132e-02 -6.076960303169574862e-02
-7.414829659318638022e+00 2.864699901744829219e-02 -6.098415360820388931e-02
-7.334669338677354489e+00 3.469685909179483219e-02 -6.069608600608354665e-02
-7.254509018036072732e+00 4.091390037044224243e-02 -5.987141308012712548e-02
-7.174348697394790975e+00 4.725417139870478206e-02 -5.847894408134918232e-02
-7.094188376753507441e+00 5.366952771175900749e-02 -5.649078885902857061e-02
-7.014028056112225684e+00 6.010784595256669915e-02 -5.388285878876781371e-02
-6.933867735470942151e+00 6.651329449468722232e-02 -5.063535850468760258e-02
-6.853707414829660394e+00 7.282666096329909466e-02 -4.673326226575634512e-02
-6.773547094188376860e+00 7.898573638806531683e-02 -4.216676860142061500e-02
-6.693386773547095103e+00 8.492575502661951770e-02 -3.693172676626493151e-02
-6.613226452905811570e+00 9.057988817464122933e-02 -3.103002849285917131e-02
-6.533066132264529813e+00 9.587978953565844120e-02 -2.446995857102528954e-02
-6.452905811623246279e+00 1.007561889695893359e-01 -1.726649790437028223e-02
-6.372745490981964522e+00 1.051395306828930287e-01 -9.441572904096003430e-03
-6.292585170340682765e+00 1.089606511749172807e-01 -1.024245377728082336e-03
-6.212424849699399232e+00 1.121514915248459504e-01 7.949162542626946049e-03
-6.132264529058117475e+00 1.146458379021304264e-01 1.743501341196554769e-02
-6.052104208416833941e+00 1.163800835211293155e-01 2.738237384017870590e-02
-5.971943887775552184e+00 1.172940046485966281e-01 3.773311198430121666e-02
-5.891783567134268651e+00 1.173315427212190676e-01 4.842207620544290020e-02
-5.811623246492986894e+00 1.164415841498653709e-01 5.937735712763081430e-02
-5.731462925851703361e+00 1.145787289873769904e-01 7.052063446475986819e-02
-5.651302605210421603e+00 1.117040393267674236e-01 8.176760905076424502e-02
-5.571142284569138070e+00 1.077857580849849034e-01 9.302851952628667098e-02
-5.490981963927856313e+00 1.027999887213717073e-01 1.042087421128509300e-01
-5.410821643286574556e+00 9.673132644595190677e-02 1.152094708543060647e-01
-5.330661322645291023e+00 8.957343159581582226e-02 1.259284746373745822e-01
-5.250501002004009266e+00 8.132953610187237947e-02 1.362609262316664127e-01
-5.170340681362725732e+00 7.201287433537659211e-02 1.461002975282291172e-01
-5.090180360721443975e+00 6.164703011460995197e-02 1.553393141188056659e-01
-5.010020040080160442e+00 5.026619226590593043e-02 1.638709613599839132e-01
-4.929859719438878685e+00 3.791531186724310387e-02 1.715895331218893760e-01
-4.849699398797595151e+00 2.465015515241289479e-02 1.783917135445148294e-01
-4.769539078156313394e+00 1.053724701320284118e-02 1.841776813302976323e-01
-4.689378757515029861e+00 -4.346298901837308999e-03 1.888522254028086045e-01
-4.609218436873748104e+00 -1.991306634018052274e-02 1.923258601712259097e-01
-4.529058116232466347e+00 -3.606574046360076780e-02 1.945159281705773346e-01
-4.448897795591182813e+00 -5.269763004346490753e-02 1.953476775092455042e-01
-4.368737474949901056e+00 -6.969330678810943536e-02 1.947553013573513347e-01
-4.288577154308617523e+00 -8.692935936225613947e-02 1.926829266601717827e-01
-4.208416833667335766e+00 -1.042752582411139162e-01 1.890855393658401884e-01
-4.128256513026052232e+00 -1.215943261197418718e-01 1.839298337204812728e-01
-4.048096192384770475e+00 -1.387448071893926937e-01 1.771949736089317717e-01
-3.967935871743488718e+00 -1.555810272155087604e-01 1.688732545054683898e-01
-3.887775551102205185e+00 -1.719546350254358147e-01 1.589706553445698056e-01
-3.807615230460921651e+00 -1.877159147564840813e-01 1.475072705224801939e-01
-3.727454909819641671e+00 -2.027151570450098084e-01 1.345176132898509014e-01
-3.647294589178358137e+00 -2.168040762724939841e-01 1.200507829854241676e-01
-3.567134268537074604e+00 -2.298372600420748313e-01 1.041704898798669759e-01
-3.486973947895791071e+00 -2.416736362544869288e-01 8.695493283462889245e-02
-3.406813627254511090e+00 -2.521779425002478869e-01 6.849652651841202367e-02
-3.326653306613227556e+00 -2.612221819981319637e-01 4.890147654688380835e-02
-3.246492985971944023e+00 -2.686870499994054029e-01 2.828920260155121449e-02
-3.166332665330660490e+00 -2.744633144520014501e-01 6.791611321586101847e-03
-3.086172344689380509e+00 -2.784531347854502514e-01 -1.544777747279394917e-02
-3.006012024048096976e+00 -2.805713029403890113e-01 -3.827484589680915650e-02
-2.925851703406813442e+00 -2.807463912276678131e-01 -6.152602737595717908e-02
-2.845691382765533461e+00 -2.789217922607613032e-01 -8.502958148459043020e-02
-2.765531062124249928e+00 -2.750566370579849429e-01 -1.086069838029007362e-01
-2.685370741482966395e+00 -2.691265784519091819e-01 -1.320744187811828951e-01
-2.605210420841682861e+00 -2.611244281636637687e-01 -1.552443621412045449e-01
-2.525050100200402881e+00 -2.510606372882914217e-01 -1.779272380130528519e-01
-2.444889779559119347e+00 -2.389636114801950428e-01 -1.999331348217940341e-01
-2.364729458917835814e+00 -2.248798538089558929e-01 -2.210735629197383145e-01
-2.284569138276552280e+00 -2.088739300570783552e-01 -2.411632361235467870e-01
-2.204408817635272300e+00 -1.910282531323670152e-01 -2.600218586750328020e-01
-2.124248496993988766e+00 -1.714426852466395534e-01 -2.774758987124241183e-01
-2.044088176352705233e+00 -1.502339585459728233e-01 -2.933603291244373246e-01
-1.963927855711425252e+00 -1.275349169410162908e-01 -3.075203166696567347e-01
-1.883767535070141719e+00 -1.034935839537551305e-01 -3.198128404822307425e-01
-1.803607214428858185e+00 -7.827206344348983102e-02 -3.301082215528814978e-01
-1.723446893787574652e+00 -5.204528207361319020e-02 -3.382915454696193147e-01
-1.643286573146294671e+00 -2.499958430624283148e-02 -3.442639616202673447e-01
-1.563126252505011138e+00 2.668807461537548668e-03 -3.479438431909339102e-01
-1.482965931863727604e+00 3.075545330242590927e-02 -3.492677936298625996e-01
-1.402805611222444071e+00 5.904946082988610928e-02 -3.481914867708216232e-01
-1.322645290581164090e+00 8.733533767091926359e-02 -3.446903295078194707e-01
-1.242484969939880557e+00 1.153949128738757379e-01 -3.387599377644424092e-01
-1.162324649298597024e+00 1.430093077868880846e-01 -3.304164184852190767e-01
-1.082164328657317043e+00 1.699609361644844885e-01 -3.196964524698312493e-01
-1.002004008016033509e+00 1.960355127135802178e-01 -3.066571750487549486e-01
-9.218436873747499760e-01 2.210240489847074830e-01 -2.913758538346762905e-01
-8.416833667334664426e-01 2.447248154562036981e-01 -2.739493650503791455e-01
-7.615230460921864619e-01 2.669452488510207777e-01 -2.544934722027772378e-01
-6.813627254509029285e-01 2.875037841677286488e-01 -2.331419131159779279e-01
-6.012024048096193951e-01 3.062315915954849643e-01 -2.100453035255961942e-01
-5.210420841683358617e-01 3.229741994105647662e-01 -1.853698675441804722e-01
-4.408817635270558810e-01 3.375929851093613654e-01 -1.592960073068657723e-01
-3.607214428857723476e-01 3.499665184066685919e-01 -1.320167259715330221e-01
-2.805611222444888142e-01 3.599917413024730228e-01 -1.037359199549874322e-01
-2.004008016032088335e-01 3.675849721768363332e-01 -7.466655781382712520e-02
-1.202404809619253001e-01 3.726827227895381234e-01 -4.502876450614977377e-02
-4.008016032064176670e-02 3.752423191157298610e-01 -1.504783088072295105e-02
4.008016032064176670e-02 3.752423191157298610e-01 1.504783088072295105e-02
1.202404809619217474e-01 3.726827227895382899e-01 4.502876450614844844e-02
2.004008016032052808e-01 3.675849721768366107e-01 7.466655781382582069e-02
2.805611222444888142e-01 3.599917413024730228e-01 1.037359199549874322e-01
3.607214428857723476e-01 3.499665184066685919e-01 1.320167259715330221e-01
4.408817635270523283e-01 3.375929851093619760e-01 1.592960073068645788e-01
5.210420841683358617e-01 3.229741994105647662e-01 1.853698675441804722e-01
6.012024048096193951e-01 3.062315915954849643e-01 2.100453035255961942e-01
6.813627254508993758e-01 2.875037841677295369e-01 2.331419131159769564e-01
7.615230460921829092e-01 2.669452488510217214e-01 2.544934722027762941e-01
8.416833667334664426e-01 2.447248154562036981e-01 2.739493650503791455e-01
9.218436873747499760e-01 2.210240489847074830e-01 2.913758538346762905e-01
1.002004008016029957e+00 1.960355127135813558e-01 3.066571750487543380e-01
1.082164328657313490e+00 1.699609361644856542e-01 3.196964524698306942e-01
1.162324649298597024e+00 1.430093077868880846e-01 3.304164184852190767e-01
1.242484969939880557e+00 1.153949128738757379e-01 3.387599377644424092e-01
1.322645290581160538e+00 8.733533767092051259e-02 3.446903295078192486e-01
1.402805611222444071e+00 5.904946082988610928e-02 3.481914867708216232e-01
1.482965931863727604e+00 3.075545330242590927e-02 3.492677936298625996e-01
1.563126252505007585e+00 2.668807461538785526e-03 3.479438431909340212e-01
1.643286573146291119e+00 -2.499958430624162412e-02 3.442639616202675668e-01
1.723446893787574652e+00 -5.204528207361319020e-02 3.382915454696193147e-01
1.803607214428858185e+00 -7.827206344348983102e-02 3.301082215528814978e-01
1.883767535070138166e+00 -1.034935839537540481e-01 3.198128404822312421e-01
1.963927855711421699e+00 -1.275349169410152639e-01 3.075203166696574009e-01
2.044088176352705233e+00 -1.502339585459728233e-01 2.933603291244373246e-01
2.124248496993988766e+00 -1.714426852466395534e-01 2.774758987124241183e-01
2.204408817635268747e+00 -1.910282531323661825e-01 2.600218586750336347e-01
2.284569138276552280e+00 -2.088739300570783552e-01 2.411632361235467870e-01
2.364729458917835814e+00 -2.248798538089558929e-01 2.210735629197383145e-01
2.444889779559115794e+00 -2.389636114801944600e-01 1.999331348217950055e-01
2.525050100200399328e+00 -2.510606372882908666e-01 1.779272380130538234e-01
2.605210420841682861e+00 -2.611244281636637687e-01 1.552443621412045449e-01
2.685370741482966395e+00 -2.691265784519091819e-01 1.320744187811828951e-01
2.765531062124246375e+00 -2.750566370579846653e-01 1.086069838029017770e-01
2.845691382765529909e+00 -2.789217922607611366e-01 8.502958148459145715e-02
2.925851703406813442e+00 -2.807463912276678131e-01 6.152602737595717908e-02
3.006012024048096976e+00 -2.805713029403890113e-01 3.827484589680915650e-02
3.086172344689376956e+00 -2.784531347854504735e-01 1.544777747279495010e-02
3.166332665330660490e+00 -2.744633144520014501e-01 -6.791611321586101847e-03
3.246492985971944023e+00 -2.686870499994054029e-01 -2.828920260155121449e-02
3.326653306613224004e+00 -2.612221819981323523e-01 -4.890147654688291323e-02
3.406813627254507537e+00 -2.521779425002483310e-01 -6.849652651841117712e-02
3.486973947895791071e+00 -2.416736362544869288e-01 -8.695493283462889245e-02
3.567134268537074604e+00 -2.298372600420748313e-01 -1.041704898798669759e-01
3.647294589178354585e+00 -2.168040762724945669e-01 -1.200507829854235015e-01
3.727454909819638118e+00 -2.027151570450104745e-01 -1.345176132898502908e-01
3.807615230460921651e+00 -1.877159147564840813e-01 -1.475072705224801939e-01
3.887775551102205185e+00 -1.719546350254358147e-01 -1.589706553445698056e-01
3.967935871743485166e+00 -1.555810272155094820e-01 -1.688732545054679735e-01
4.048096192384768699e+00 -1.387448071893930546e-01 -1.771949736089315774e-01
4.128256513026052232e+00 -1.215943261197418718e-01 -1.839298337204812728e-01
4.208416833667332213e+00 -1.042752582411146656e-01 -1.890855393658399386e-01
4.288577154308615746e+00 -8.692935936225652804e-02 -1.926829266601717550e-01
4.368737474949899280e+00 -6.969330678810981006e-02 -1.947553013573512792e-01
4.448897795591182813e+00 -5.269763004346490753e-02 -1.953476775092455042e-01
4.529058116232462794e+00 -3.606574046360149638e-02 -1.945159281705774179e-01
4.609218436873746327e+00 -1.991306634018087315e-02 -1.923258601712259652e-01
4.689378757515029861e+00 -4.346298901837308999e-03 -1.888522254028086045e-01
4.769539078156313394e+00 1.053724701320284118e-02 -1.841776813302976323e-01
4.849699398797593375e+00 2.465015515241259295e-02 -1.783917135445149682e-01
4.929859719438876908e+00 3.791531186724281938e-02 -1.715895331218895425e-01
5.010020040080160442e+00 5.026619226590593043e-02 -1.638709613599839132e-01
5.090180360721440422e+00 6.164703011460947318e-02 -1.553393141188060822e-01
5.170340681362723956e+00 7.201287433537637006e-02 -1.461002975282293392e-01
5.250501002004007489e+00 8.132953610187217131e-02 -1.362609262316666070e-01
5.330661322645291023e+00 8.957343159581582226e-02 -1.259284746373745822e-01
5.410821643286571003e+00 9.673132644595158758e-02 -1.152094708543065366e-01
5.490981963927854537e+00 1.027999887213716101e-01 -1.042087421128511798e-01
5.571142284569138070e+00 1.077857580849849034e-01 -9.302851952628667098e-02
5.651302605210418051e+00 1.117040393267672710e-01 -8.176760905076475849e-02
5.731462925851701584e+00 1.145787289873769488e-01 -7.052063446476011799e-02
5.811623246492985118e+00 1.164415841498653431e-01 -5.937735712763106410e-02
5.891783567134268651e+00 1.173315427212190676e-01 -4.842207620544290020e-02
5.971943887775548632e+00 1.172940046485966420e-01 -3.773311198430168156e-02
6.052104208416832165e+00 1.163800835211293572e-01 -2.738237384017893142e-02
6.132264529058115698e+00 1.146458379021304957e-01 -1.743501341196576626e-02
6.212424849699399232e+00 1.121514915248459504e-01 -7.949162542626946049e-03
6.292585170340679213e+00 1.089606511749174333e-01 1.024245377727696577e-03
6.372745490981962746e+00 1.051395306828931536e-01 9.441572904095824753e-03
6.452905811623246279e+00 1.007561889695893359e-01 1.726649790437028223e-02
6.533066132264526260e+00 9.587978953565866325e-02 2.446995857102498770e-02
6.613226452905809793e+00 9.057988817464136810e-02 3.103002849285904294e-02
6.693386773547093327e+00 8.492575502661965647e-02 3.693172676626482048e-02
6.773547094188376860e+00 7.898573638806531683e-02 4.216676860142061500e-02
6.853707414829656841e+00 7.282666096329937222e-02 4.673326226575615777e-02
6.933867735470940374e+00 6.651329449468736110e-02 5.063535850468752625e-02
7.014028056112223908e+00 6.010784595256685181e-02 5.388285878876775126e-02
7.094188376753507441e+00 5.366952771175900749e-02 5.649078885902857061e-02
7.174348697394787422e+00 4.725417139870506655e-02 5.847894408134909905e-02
7.254509018036070955e+00 4.091390037044238120e-02 5.987141308012710467e-02
7.334669338677354489e+00 3.469685909179483219e-02 6.069608600608354665e-02
7.414829659318634469e+00 2.864699901744855240e-02 6.098415360820388931e-02
7.494989979959918003e+00 2.280391996738870969e-02 6.076960303169574862e-02
7.575150300601201536e+00 1.720276541291086009e-02 6.008871595903759327e-02
7.655310621242485070e+00 1.187416957062977473e-02 5.897957435667888770e-02
7.735470941883765050e+00 6.844253737223624824e-03 5.748157869298223949e-02
7.815631262525048584e+00 2.134668890725447982e-03 5.563498306096929108e-02
7.895791583166332117e+00 -2.237318763187032527e-03 5.348045117979136065e-02
7.975951903807615651e+00 -6.258702908384258107e-03 5.105863676896375131e-02
8.056112224448895631e+00 -9.920576733866873914e-03 4.840979129651050428e-02
8.136272545090179165e+00 -1.321794104934382111e-02 4.557340160322152084e-02
8.216432865731462698e+00 -1.614948501085644236e-02 4.258785940687674632e-02
8.296593186372742679e+00 -1.871734361887605197e-02 3.949016419876438116e-02
8.376753507014026212e+00 -2.092683615037091438e-02 3.631566056589725922e-02
8.456913827655309746e+00 -2.278618963542619613e-02 3.309781051125916529e-02
8.537074148296593279e+00 -2.430625139186964184e-02 2.986800090588332540e-02
8.617234468937873260e+00 -2.550019449214157435e-02 2.665538579470460093e-02
8.697394789579156793e+00 -2.638321985980267986e-02 2.348676289641389234e-02
8.777555110220440326e+00 -2.697225848324138336e-02 2.038648328887773462e-02
8.857715430861723860e+00 -2.728567699612817130e-02 1.737639295831246850e-02
8.937875751503003841e+00 -2.734298961281743726e-02 1.447580461398772188e-02
9.018036072144287374e+00 -2.716457912707726657e-02 1.170149793181414488e-02
9.098196392785570907e+00 -2.677142938900845329e-02 9.067746190243147417e-03
9.178356713426850888e+00 -2.618487137244027152e-02 6.586367100396425638e-03
9.258517034068134421e+00 -2.542634463791678887e-02 4.266795508702483225e-03
9.338677354709417955e+00 -2.451717568882855539e-02 2.116175563505371358e-03
9.418837675350701488e+00 -2.347837441423218305e-02 1.394698856818508330e-04
9.498997995991981469e+00 -2.233044951505576761e-02 -1.660416734550512492e-03
9.579158316633265002e+00 -2.109324352397803221e-02 -3.282501578881772981e-03
9.659318637274548536e+00 -1.978578775620426500e-02 -4.727578601861954014e-03
9.739478957915832069e+00 -1.842617727115930526e-02 -5.998065744208479905e-03
9.819639278557112050e+00 -1.703146568591772797e-02 -7.097847218504286723e-03
9.899799599198395583e+00 -1.561757946172816561e-02 -8.032112914001306170e-03
9.979959919839679117e+00 -1.419925108662038402e-02 -8.807196936178762758e-03
1.006012024048095910e+01 -1.278997040077773165e-02 -9.430417150893525072e-03
1.014028056112224263e+01 -1.140195315772661068e-02 -9.909917445361401261e-03
1.022044088176352616e+01 -1.004612578369491055e-02 -1.025451425173541480e-02
1.030060120240480970e+01 -8.732125189654273492e-03 -1.047354870650483126e-02
1.038076152304608968e+01 -7.468312405226958280e-03 -1.057674564300387261e-02
1.046092184368737321e+01 -6.261798740157939122e-03 -1.057408043751524931e-02
1.054108216432865675e+01 -5.118483136549556445e-03 -1.047565455411774392e-02
1.062124248496994028e+01 -4.043099352426002095e-03 -1.029158046170100711e-02
1.070140280561122026e+01 -3.039271613166291686e-03 -1.003187643037937657e-02
1.078156312625250379e+01 -2.109577380481408165e-03 -9.706371555580942459e-03
1.086172344689378733e+01 -1.255615917373498853e-03 -9.324621207838638612e-03
1.094188376753506731e+01 -4.780813702625945566e-04 -8.895832966001788328e-03
1.102204408817635084e+01 2.231608554866120224e-04 -8.428802962224200487e-03
1.110220440881763437e+01 8.489955847843069824e-04 -7.931862449443310287e-03
1.118236472945891791e+01 1.400978310455739447e-03 -7.412834296697233712e-03
1.126252505010019789e+01 1.881255581353006179e-03 -6.878999024878987116e-03
1.134268537074148142e+01 2.292486255877666107e-03 -6.337069915541644095e-03
1.142284569138276495e+01 2.637764444844959821e-03 -5.793176658107142274e-03
1.150300601202404849e+01 2.920544874233124873e-03 -5.252856946084611886e-03
1.158316633266532847e+01 3.144571304011526975e-03 -4.721055390313155971e-03
1.166332665330661200e+01 3.313808545244179352e-03 -4.202129086312141222e-03
1.174348697394789554e+01 3.432378525214044816e-03 -3.699859152941207662e-03
1.182364729458917552e+01 3.504500760481224671e-03 -3.217467550031384051e-03
1.190380761523045905e+01 3.534437511517111736e-03 -2.757638482664234291e-03
1.198396793587174258e+01 3.526443810660187615e-03 -2.322543708496467487e-03
1.206412825651302256e+01 3.484722478298821983e-03 -1.913871081060897509e-03
1.214428857715430610e+01 3.413384170954580563e-03 -1.532855685402367526e-03
1.222444889779558963e+01 3.316412439743504550e-03 -1.180312951795083054e-03
1.230460921843687316e+01 3.197633718838591588e-03 -8.566731677058649986e-04
1.238476953907815670e+01 3.060692111236147303e-03 -5.620168467023861896e-04
1.246492985971944023e+01 2.909028793427312267e-03 -2.961104547663257619e-04
1.254509018036071666e+01 2.745865821480088925e-03 -5.844203860855738490e-05
1.262525050100200019e+01 2.574194088444382595e-03 1.517436537092668129e-04
1.270541082164328373e+01 2.396765156720481564e-03 3.354109230167873668e-04
1.278557114228456726e+01 2.216086668827175424e-03 4.937000566620889947e-04
1.286573146292585079e+01 2.034421025558633134e-03 6.278957239013504893e-04
1.294589178356713433e+01 1.853787011465957276e-03 7.393970543554412994e-04
1.302605210420841786e+01 1.675964043539190972e-03 8.296895813296509660e-04
1.310621242484970139e+01 1.502498719465783072e-03 9.003191902764114997e-04
1.318637274549097782e+01 1.334713346448626690e-03 9.528681735142500043e-04
1.326653306613226135e+01 1.173716139813981351e-03 9.889334557900604245e-04
1.334669338677354489e+01 1.020412792056051877e-03 1.010107021611832438e-03
1.342685370741482842e+01 8.755191270802539305e-04 1.017958544649633134e-03
1.350701402805611195e+01 7.395745707628056205e-04 1.014020192009009629e-03
1.358717434869739549e+01 6.129561870925804732e-04 9.997735518754008715e-04
1.366733466933867902e+01 4.958930486772641141e-04 9.766386119123937441e-04
1.374749498997995545e+01 3.884807308767840826e-04 9.459646978284216596e-04
1.382765531062123898e+01 2.906957398976231445e-04 9.090232666236520986e-04
1.390781563126252252e+01 2.024097064970586024e-04 8.670024370750319467e-04
1.398797595190380605e+01 1.234031981923956929e-04 8.210031308665455187e-04
1.406813627254508958e+01 5.337902376799238757e-05 7.720366912541998554e-04
1.414829659318637312e+01 -8.025075825214114168e-06 7.210238420812661517e-04
1.422845691382765665e+01 -6.122443658828578264e-05 6.687948481252663138e-04
1.430861723446893308e+01 -1.066762485131697526e-04 6.160907379500223970e-04
1.438877755511021661e+01 -1.448691510679107561e-04 5.635654524337179068e-04
1.446893787575150014e+01 -1.763136815246830601e-04 5.117887857255396444e-04
1.454909819639278368e+01 -2.015335957293924621e-04 4.612499903278232207e-04
1.462925851703406721e+01 -2.210580675020198396e-04 4.123619240920252632e-04
1.470941883767535074e+01 -2.354147608671153583e-04 3.654656239454098093e-04
1.478957915831663428e+01 -2.451237587511954767e-04 3.208351989316401498e-04
1.486973947895791781e+01 -2.506923226350019985e-04 2.786829434638298875e-04
1.494989979959919424e+01 -2.526104498815672839e-04 2.391645803774018341e-04
1.503006012024047777e+01 -2.513471890276833352e-04 2.023845522707261996e-04
1.511022044088176131e+01 -2.473476681648854826e-04 1.684012885873600255e-04
1.519038076152304484e+01 -2.410307875734119378e-04 1.372323847932268941e-04
1.527054108216432837e+01 -2.327875249268034736e-04 1.088596387200681237e-04
1.535070140280561191e+01 -2.229797995671573235e-04 8.323389758251206717e-05
1.543086172344689544e+01 -2.119398414681881700e-04 6.027967724582871609e-05
1.551102204408817187e+01 -1.999700104589932615e-04 3.989952295496314571e-05
1.559118236472945540e+01 -1.873430119786106203e-04 2.197808787732471566e-05
1.567134268537073893e+01 -1.743024569734500870e-04 6.385912420050821000e-06
1.575150300601202247e+01 -1.610637154416351608e-04 -7.017106672548511191e-06
1.583166332665330600e+01 -1.478150154786743659e-04 -1.837856297163944903e-05
1.591182364729458953e+01 -1.347187423999761098e-04 -2.785070342148827937e-05
1.599198396793587307e+01 -1.219128955249950281e-04 -3.558790416806882916e-05
1.607214428857714950e+01 -1.095126634281404313e-04 -4.174445181214930394e-05
1.615230460921843303e+01 -9.761208182205484158e-05 -4.647261958681475429e-05
1.623246492985971656e+01 -8.628574167498103840e-05 -4.992102534137231648e-05
1.631262525050100010e+01 -7.559051861770890387e-05 -5.223325610273379347e-05
1.639278557114228363e+01 -6.556729811603003518e-05 -5.354674234923506723e-05
1.647294589178356716e+01 -5.624267422709873358e-05 -5.399186393510005985e-05
1.655310621242485070e+01 -4.763060298482026751e-05 -5.369126880885194566e-05
1.663326653306613423e+01 -3.973399453873294407e-05 -5.275938523712158881e-05
1.671342685370741066e+01 -3.254623107733324919e-05 -5.130210813715715154e-05
1.679358717434869419e+01 -2.605260028057916765e-05 -4.941664029764886157e-05
1.687374749498997772e+01 -2.023163655290840303e-05 -4.719146968969955099e-05
1.695390781563126126e+01 -1.505636457783146374e-05 -4.470646470052865604e-05
1.703406813627254479e+01 -1.049544180285206108e-05 -4.203306992604526239e-05
1.711422845691382832e+01 -6.514198307773196375e-06 -3.923458610096176733e-05
1.719438877755511186e+01 -3.075574132612383656e-06 -3.636651879507352792e-05
1.727454909819638829e+01 -1.409555485512412698e-07 -3.347698163255100436e-05
1.735470941883767182e+01 2.329087045663798737e-06 -3.060714097100661709e-05
1.743486973947895535e+01 4.374155918809901514e-06 -2.779169018477935945e-05
1.751503006012023889e+01 6.033472996887974923e-06 -2.505934291106663296e-05
1.759519038076152242e+01 7.345411910694513033e-06 -2.243333581965823483e-05
1.767535070140280595e+01 8.347109484880798412e-06 -1.993193264109467948e-05
1.775551102204408949e+01 9.074150718295826719e-06 -1.756892232062592867e-05
1.783567134268536591e+01 9.560321102757049535e-06 -1.535410524532848992e-05
1.791583166332664945e+01 9.837420041199711096e-06 -1.329376251033267754e-05
1.799599198396793298e+01 9.935129141914237925e-06 -1.139110414062169705e-05
1.807615230460921651e+01 9.880929269185574648e-06 -9.646693062491894832e-06
1.815631262525050005e+01 9.700060408545624794e-06 -8.058842420496971980e-06
1.823647294589178358e+01 9.415518644198017005e-06 -6.623984560041770077e-06
1.831663326653306711e+01 9.048084834929039785e-06 -5.337010642664328956e-06
1.839679358717435065e+01 8.616379901824476498e-06 -4.191580431537670765e-06
1.847695390781562708e+01 8.136941996156752186e-06 -3.180402280952964459e-06
1.855711422845691061e+01 7.624321189649483365e-06 -2.295483788471796016e-06
1.863727454909819414e+01 7.091187713715540162e-06 -1.528353925705324859e-06
1.871743486973947768e+01 6.548450161927970346e-06 -8.702577574646847382e-07
1.879759519038076121e+01 6.005380454614704262e-06 -3.123250939144902069e-07
1.887775551102204474e+01 5.469742740686011926e-06 1.542853988176069922e-07
1.895791583166332828e+01 4.947923775116889747e-06 5.382649723625513703e-07
1.903807615230460470e+01 4.445062657254626969e-06 8.480547092019931208e-07
1.911823647294588824e+01 3.965178142421478801e-06 1.091764781414157721e-06
1.919839679358717177e+01 3.511292044964981115e-06 1.277111246681077963e-06
1.927855711422845530e+01 3.085547533446562430e-06 1.411368587831927624e-06
1.935871743486973884e+01 2.689321377116146179e-06 1.501336241686716072e-06
1.943887775551102237e+01 2.323329436760679955e-06 1.553317423026397369e-06
1.951903807615230590e+01 1.987724902458115184e-06 1.573108626186960687e-06
1.959919839679358233e+01 1.682188966113547902e-06 1.565998276412772086e-06
1.967935871743486587e+01 1.406013778621468042e-06 1.536773102391869515e-06
1.975951903807614940e+01 1.158177681072029370e-06 1.489730907351479598e-06
1.983967935871743293e+01 9.374128177904924681e-07 1.428698526067892789e-06
1.991983967935871647e+01 7.422653375235715138e-07 1.357053866822053139e-06
2.000000000000000000e+01 5.711484692272080986e-07 1.277751048708857051e-06
