x r i
-2.000000000000000000e+01 4.241931547247573786e-88 -9.489883585577104233e-88
-1.991983967935871647e+01 2.470659667904312601e-87 -4.517007714676376728e-87
-1.983967935871743649e+01 1.389976693767182105e-86 -2.118445167343275553e-86
-1.975951903807615295e+01 7.604286766921554936e-86 -9.781177111409426461e-86
-1.967935871743486942e+01 4.063154290697431832e-85 -4.441027762141898510e-85
-1.959919839679358589e+01 2.126780838652534945e-84 -1.979881686736014326e-84
-1.951903807615230590e+01 1.092854229972526600e-83 -8.648975591183025700e-84
-1.943887775551102237e+01 5.521518513644778276e-83 -3.691543167793431294e-83
-1.935871743486973884e+01 2.746097793436749889e-82 -1.533032152863617561e-82
-1.927855711422845530e+01 1.345596573280045002e-81 -6.154929440676621861e-82
-1.919839679358717532e+01 6.500439171416694496e-81 -2.364310307394375547e-81
-1.911823647294589179e+01 3.097528729529034132e-80 -8.528678043839878644e-81
-1.903807615230460826e+01 1.456435308257801424e-79 -2.778671341787019763e-80
-1.895791583166332828e+01 6.758973804032010296e-79 -7.352819107930885896e-80
-1.887775551102204474e+01 3.096370298331162729e-78 -8.733952381553876610e-80
-1.879759519038076121e+01 1.400356226387135176e-77 7.282908938500613272e-79
-1.871743486973947768e+01 6.252192111123188157e-77 8.308864771542422237e-78
-1.863727454909819770e+01 2.755448732956643110e-76 5.938780720680426255e-77
-1.855711422845691416e+01 1.198499565819519709e-75 3.608368870351378771e-76
-1.847695390781563063e+01 5.143337707425826582e-75 2.010323163681698459e-75
-1.839679358717435065e+01 2.176905423089272050e-74 1.058991627191034369e-74
-1.831663326653306711e+01 9.082095546861048371e-74 5.357071852838332199e-74
-1.823647294589178358e+01 3.732261882606556032e-73 2.625712509172566454e-73
-1.815631262525050005e+01 1.509331161028577250e-72 1.253957344055218055e-72
-1.807615230460922007e+01 5.998931549166790759e-72 5.856721547251849586e-72
-1.799599198396793653e+01 2.339372755486217607e-71 2.682203552750405196e-71
-1.791583166332665300e+01 8.929778785228102104e-71 1.206722473407279224e-70
-1.783567134268536947e+01 3.325441533502472907e-70 5.340738950479231336e-70
-1.775551102204408949e+01 1.202220023761595031e-69 2.327679015423637194e-69
-1.767535070140280595e+01 4.186961703209360921e-69 9.997980593206966908e-69
-1.759519038076152242e+01 1.386588908969496266e-68 4.234727067305496028e-68
-1.751503006012023889e+01 4.260410122098039536e-68 1.769512820335845103e-67
-1.743486973947895891e+01 1.148456473388144451e-67 7.296847001236033704e-67
-1.735470941883767537e+01 2.260091515577652706e-67 2.970045269602315514e-66
-1.727454909819639184e+01 -5.024886823190113123e-68 1.193412005520115923e-65
-1.719438877755511186e+01 -4.003666461952872101e-66 4.734056321189790672e-65
-1.711422845691382832e+01 -3.077967476911115205e-65 1.853839479291359790e-64
-1.703406813627254479e+01 -1.789200106759948606e-64 7.165546206801126369e-64
-1.695390781563126126e+01 -9.204860920945221228e-64 2.733174981970203935e-63
-1.687374749498998128e+01 -4.409108844714991723e-63 1.028450297927303895e-62
-1.679358717434869774e+01 -2.011765505038292074e-62 3.815922067472260069e-62
-1.671342685370741421e+01 -8.851507439552717031e-62 1.395249086635551718e-61
-1.663326653306613423e+01 -3.783143331972704437e-61 5.023313632970576429e-61
-1.655310621242485070e+01 -1.578099779150922862e-60 1.778902095289143654e-60
-1.647294589178356716e+01 -6.445489898067047359e-60 6.187543859780114272e-60
-1.639278557114228363e+01 -2.583465262546606120e-59 2.109834517459876004e-59
-1.631262525050100365e+01 -1.017868820618692417e-58 7.033501523550680499e-59
-1.623246492985972012e+01 -3.946902961865812673e-58 2.283499439819650511e-58
-1.615230460921843658e+01 -1.507640143670494300e-57 7.177798645697948486e-58
-1.607214428857715305e+01 -5.677000632916770474e-57 2.163980602241862689e-57
-1.599198396793587307e+01 -2.108378164451939161e-56 6.154620456142065889e-57
-1.591182364729458953e+01 -7.726003928333973116e-56 1.597213870973019401e-56
-1.583166332665330600e+01 -2.794198643776446133e-55 3.474163674347673952e-56
-1.575150300601202424e+01 -9.975439430459144090e-55 4.346026812876221659e-56
-1.567134268537074249e+01 -3.515743713235766653e-54 -1.288061673593361342e-55
-1.559118236472945895e+01 -1.223247548053019679e-53 -1.435049101799426250e-54
-1.551102204408817542e+01 -4.201348034619081607e-53 -8.382846105988755999e-54
-1.543086172344689366e+01 -1.424187299252411600e-52 -4.050656551492716828e-53
-1.535070140280561191e+01 -4.763591546867049058e-52 -1.778153409889653152e-52
-1.527054108216432837e+01 -1.571545532953609040e-51 -7.349099957279051731e-52
-1.519038076152304662e+01 -5.111187756449341040e-51 -2.910086682307537561e-51
-1.511022044088176486e+01 -1.637657065865862934e-50 -1.114963250723524577e-50
-1.503006012024048133e+01 -5.164624868549236362e-50 -4.158551745539772221e-50
-1.494989979959919779e+01 -1.601214252425034074e-49 -1.515985324261478050e-49
-1.486973947895791603e+01 -4.872550319657510311e-49 -5.416586559113851284e-49
-1.478957915831663428e+01 -1.452117131203692682e-48 -1.900632933483470880e-48
-1.470941883767535074e+01 -4.225077242967252786e-48 -6.559148989345611222e-48
-1.462925851703406721e+01 -1.194746678970226485e-47 -2.228681562767295342e-47
-1.454909819639278545e+01 -3.260387318278949436e-47 -7.462049260711860241e-47
-1.446893787575150370e+01 -8.486796975020569532e-47 -2.463477298519711293e-46
-1.438877755511022016e+01 -2.062308113469258544e-46 -8.022726691344960032e-46
-1.430861723446893841e+01 -4.464254904818504560e-46 -2.578255363345479381e-45
-1.422845691382765665e+01 -7.486751887737002613e-46 -8.178272223853571932e-45
-1.414829659318637312e+01 -2.850289416595858274e-46 -2.560881256399448253e-44
-1.406813627254508958e+01 5.473503415425204683e-45 -7.916490726357788244e-44
-1.398797595190380783e+01 3.631281452504889116e-44 -2.415896415355529016e-43
-1.390781563126252607e+01 1.698976373626591742e-43 -7.277401276645714412e-43
-1.382765531062124253e+01 6.918324979911323169e-43 -2.163402317150538255e-42
-1.374749498997995900e+01 2.605684557049032423e-42 -6.344936592046557148e-42
-1.366733466933867724e+01 9.317817965520971285e-42 -1.835101505893715127e-41
-1.358717434869739549e+01 3.207105579623510302e-41 -5.231009008634614497e-41
-1.350701402805611195e+01 1.071043712587614526e-40 -1.468492825500964418e-40
-1.342685370741483020e+01 3.488317805057185992e-40 -4.055837052873353475e-40
-1.334669338677354844e+01 1.111821990871181247e-39 -1.100593023239701248e-39
-1.326653306613226491e+01 3.476283441621496595e-39 -2.928998657012064581e-39
-1.318637274549098137e+01 1.068111578244125451e-38 -7.625379122633091106e-39
-1.310621242484969962e+01 3.229260090298942121e-38 -1.935019838634925803e-38
-1.302605210420841786e+01 9.616071536576068336e-38 -4.760456763958734084e-38
-1.294589178356713433e+01 2.822413729185566412e-37 -1.125741190667786404e-37
-1.286573146292585079e+01 8.169835420223908498e-37 -2.521505952253805378e-37
-1.278557114228456904e+01 2.333214266823359835e-36 -5.197937571390761353e-37
-1.270541082164328728e+01 6.576162755702306738e-36 -9.202890878207243255e-37
-1.262525050100200374e+01 1.829579673334548312e-35 -1.078501056428816094e-36
-1.254509018036072199e+01 5.025000337504227834e-35 1.069503329095907299e-36
-1.246492985971944023e+01 1.362496290207624568e-34 1.386886912299970887e-35
-1.238476953907815670e+01 3.646878176895862070e-34 6.696547378164630004e-35
-1.230460921843687316e+01 9.634482867487119348e-34 2.581159595820080157e-34
-1.222444889779559141e+01 2.511597777635525814e-33 8.938789853508743181e-34
-1.214428857715430965e+01 6.458510413824732553e-33 2.900337000242471862e-33
-1.206412825651302612e+01 1.637437789001250812e-32 8.993097300923797637e-33
-1.198396793587174436e+01 4.090409394365984685e-32 2.693975890198856559e-32
-1.190380761523046083e+01 1.005928452087024504e-31 7.848453965426980962e-32
-1.182364729458917907e+01 2.432616773604791474e-31 2.233375326664402653e-31
-1.174348697394789554e+01 5.776000835797668003e-31 6.226116788325203214e-31
-1.166332665330661378e+01 1.343778834365627269e-30 1.704000713487907577e-30
-1.158316633266533024e+01 3.054315667389220535e-30 4.585551431716841520e-30
-1.150300601202404849e+01 6.753862667336326591e-30 1.214741630509434058e-29
-1.142284569138276673e+01 1.443590447092145418e-29 3.170478129047714051e-29
-1.134268537074148320e+01 2.951332609329433186e-29 8.158304566226591788e-29
-1.126252505010020144e+01 5.662998181062906969e-29 2.070731874581630819e-28
-1.118236472945891791e+01 9.801691200830101777e-29 5.186255358622437586e-28
-1.110220440881763615e+01 1.372239127265118989e-28 1.282033994084449298e-27
-1.102204408817635262e+01 8.282871529519603665e-29 3.128447053650992959e-27
-1.094188376753507086e+01 -4.050298657244560380e-28 7.536537200242876070e-27
-1.086172344689378733e+01 -2.413504641908912886e-27 1.792348779413127370e-26
-1.078156312625250557e+01 -9.144851617853260318e-27 4.207635540881848302e-26
-1.070140280561122204e+01 -2.953414294251146882e-26 9.748482866517239214e-26
-1.062124248496994028e+01 -8.754406460492551391e-26 2.228406245533714642e-25
-1.054108216432865852e+01 -2.454679429185575027e-25 5.023826992342415568e-25
-1.046092184368737499e+01 -6.611159013637342733e-25 1.116403290752239807e-24
-1.038076152304609323e+01 -1.725479266897222644e-24 2.443651835651115281e-24
-1.030060120240480970e+01 -4.388334976647170807e-24 5.263488454428882396e-24
-1.022044088176352794e+01 -1.091577957654347340e-23 1.114220741871881519e-23
-1.014028056112224441e+01 -2.662536100256541342e-23 2.314122202033129613e-23
-1.006012024048096265e+01 -6.380132192492930010e-23 4.704257020750810130e-23
-9.979959919839679117e+00 -1.504018715898018514e-22 9.328794135554175214e-23
-9.899799599198397360e+00 -3.491507414637542418e-22 1.795680429426700367e-22
-9.819639278557113826e+00 -7.988155117232478807e-22 3.329056090968747169e-22
-9.739478957915832069e+00 -1.802223759018088515e-21 5.866575814010348935e-22
-9.659318637274550312e+00 -4.011341074253876754e-21 9.584622285997262518e-22
-9.579158316633266779e+00 -8.811019624745332602e-21 1.371158769247957885e-21
-9.498997995991985022e+00 -1.910339710641819606e-20 1.420464026972496346e-21
-9.418837675350701488e+00 -4.088794435329077422e-20 -2.428889165879602893e-22
-9.338677354709419731e+00 -8.639638785533529770e-20 -7.457218036655703445e-21
-9.258517034068136198e+00 -1.802149217883722223e-19 -3.024187038435375408e-20
-9.178356713426854441e+00 -3.710416940484639468e-19 -9.332934165673441923e-20
-9.098196392785570907e+00 -7.538640939009779272e-19 -2.553411760762498249e-19
-9.018036072144289150e+00 -1.510975727208937720e-18 -6.508725669647066371e-19
-8.937875751503005617e+00 -2.986189000648141220e-18 -1.580934971849531585e-18
-8.857715430861723860e+00 -5.815761569093615570e-18 -3.703663221944704646e-18
-8.777555110220442103e+00 -1.115253299717239650e-17 -8.429436033944929871e-18
-8.697394789579158569e+00 -2.103546532363423739e-17 -1.872610655929343723e-17
-8.617234468937876812e+00 -3.896904128034607533e-17 -4.073438850427179709e-17
-8.537074148296593279e+00 -7.076685483765030656e-17 -8.695970638666506430e-17
-8.456913827655311522e+00 -1.256328104960758648e-16 -1.824864543974142555e-16
-8.376753507014027988e+00 -2.171891769953950001e-16 -3.769020970812884954e-16
-8.296593186372746231e+00 -3.634677105745319684e-16 -7.668502466910954029e-16
-8.216432865731462698e+00 -5.832450947301246267e-16 -1.538077534820398645e-15
-8.136272545090180941e+00 -8.824920498844114598e-16 -3.042695110448292310e-15
-8.056112224448897408e+00 -1.217088794988009159e-15 -5.939071501110681655e-15
-7.975951903807615651e+00 -1.402464288284365712e-15 -1.144133468630178776e-14
-7.895791583166333893e+00 -9.102092598132109395e-16 -2.175747268730300055e-14
-7.815631262525050360e+00 1.567233095374883528e-15 -4.084614110066709996e-14
-7.735470941883768603e+00 9.013690507376779382e-15 -7.570162944078066182e-14
-7.655310621242485070e+00 2.788284168665358083e-14 -1.384954227536999679e-13
-7.575150300601203313e+00 7.159341487748626457e-14 -2.500735357282831678e-13
-7.494989979959919779e+00 1.671895474935860825e-13 -4.455392952950079220e-13
-7.414829659318638022e+00 3.677793402234730779e-13 -7.829340785208005801e-13
-7.334669338677354489e+00 7.753373744565633457e-13 -1.356317119058058512e-12
-7.254509018036072732e+00 1.581785461482666472e-12 -2.314707957713701921e-12
-7.174348697394790975e+00 3.141787203867439418e-12 -3.888088453826920165e-12
-7.094188376753507441e+00 6.099694506482574076e-12 -6.420338861949529310e-12
-7.014028056112225684e+00 1.160750691886810722e-11 -1.040539128107464870e-11
-6.933867735470942151e+00 2.169339380622947063e-11 -1.651478521560134631e-11
-6.853707414829660394e+00 3.987534667642072009e-11 -2.558822565140307666e-11
-6.773547094188376860e+00 7.216748263566669239e-11 -3.852682370262743595e-11
-6.693386773547095103e+00 1.287048437682491537e-10 -5.596997191315991519e-11
-6.613226452905811570e+00 2.263255707214659194e-10 -7.753254115979171596e-11
-6.533066132264529813e+00 3.926079266320300494e-10 -1.001994241525630118e-10
-6.452905811623246279e+00 6.720748597538411566e-10 -1.151728670585400070e-10
-6.372745490981964522e+00 1.135558877590289214e-09 -1.019736521556168934e-10
-6.292585170340682765e+00 1.894064640217073661e-09 -1.780447282520578256e-11
-6.212424849699399232e+00 3.118856710523590177e-09 2.210608044710875878e-10
-6.132264529058117475e+00 5.069880261705336015e-09 7.710129907668400511e-10
-6.052104208416833941e+00 8.134875186831396789e-09 1.914006132059264499e-09
-5.971943887775552184e+00 1.288144673421045615e-08 4.143920855954761724e-09
-5.891783567134268651e+00 2.012352167620206354e-08 8.304865661249990453e-09
-5.811623246492986894e+00 3.100141136352013350e-08 1.580862960111536425e-08
-5.731462925851703361e+00 4.707011890968726813e-08 2.897060108083877011e-08
-5.651302605210421603e+00 7.038204576471199123e-08 5.151981644501655377e-08
-5.571142284569138070e+00 1.035356419576867667e-07 8.936029824954253346e-08
-5.490981963927856313e+00 1.496376356716922360e-07 1.516882441334965084e-07
-5.410821643286574556e+00 2.120889113685023013e-07 2.526032894471233794e-07
-5.330661322645291023e+00 2.940470726467466425e-07 4.133915455765544863e-07
-5.250501002004009266e+00 3.973347502003172540e-07 6.657015849507173643e-07
-5.170340681362725732e+00 5.204425370205840239e-07 1.055877996911176991e-06
-5.090180360721443975e+00 6.551080897795255835e-07 1.650753347741808585e-06
-5.010020040080160442e+00 7.807261645360184749e-07 2.545216603330964978e-06
-4.929859719438878685e+00 8.555454776525824643e-07 3.871856562566757281e-06
-4.849699398797595151e+00 8.032257534197696493e-07 5.812897226393756568e-06
-4.769539078156313394e+00 4.928541377394734689e-07 8.614463740782007532e-06
-4.689378757515029861e+00 -2.900466766350491804e-07 1.260289768153368965e-05
-4.609218436873748104e+00 -1.884635121409076842e-06 1.820232327065192580e-05
-4.529058116232466347e+00 -4.811811519159325412e-06 2.595188596712109109e-05
-4.448897795591182813e+00 -9.851746586791266264e-06 3.651996899200160123e-05
-4.368737474949901056e+00 -1.814702306813674362e-05 5.071116738826866762e-05
-4.288577154308617523e+00 -3.133695182026113700e-05 6.945979624875039265e-05
-4.208416833667335766e+00 -5.172866548060095384e-05 9.380118331098042761e-05
-4.128256513026052232e+00 -8.251004401214225947e-05 1.248089377170285262e-04
-4.048096192384770475e+00 -1.280081240912874147e-04 1.634828476075654655e-04
-3.967935871743488718e+00 -1.939940883111652785e-04 2.105681755304805388e-04
-3.887775551102205185e+00 -2.880319018556281620e-04 2.662831402675414224e-04
-3.807615230460921651e+00 -4.198618571631549594e-04 3.299276815552856118e-04
-3.727454909819641671e+00 -6.018024509346190948e-04 3.993437419863635467e-04
-3.647294589178358137e+00 -8.491440165135248413e-04 4.701959751057034512e-04
-3.567134268537074604e+00 -1.180495415988769628e-03 5.350428636417595661e-04
-3.486973947895791071e+00 -1.618031169867836187e-03 5.821726932268209403e-04
-3.406813627254511090e+00 -2.187571317673880390e-03 5.941877203309293802e-04
-3.326653306613227556e+00 -2.918411119508627048e-03 5.463342041750366774e-04
-3.246492985971944023e+00 -3.842803941149577646e-03 4.045965715484258428e-04
-3.166332665330660490e+00 -4.994990291401600266e-03 1.236013369656674302e-04
-3.086172344689380509e+00 -6.409661393837393778e-03 -3.555895427941581041e-04
-3.006012024048096976e+00 -8.119749567947113708e-03 -1.107676231235552120e-03
-2.925851703406813442e+00 -1.015345285946598654e-02 -2.225145676353150557e-03
-2.845691382765533461e+00 -1.253043040553863258e-02 -3.819913978641907831e-03
-2.765531062124249928e+00 -1.525715001180036681e-02 -6.024333976935480200e-03
-2.685370741482966395e+00 -1.832143145432851145e-02 -8.991279956402071713e-03
-2.605210420841682861e+00 -2.168630778800750836e-02 -1.289299910936308677e-02
-2.525050100200402881e+00 -2.528342030096978124e-02 -1.791841680266658549e-02
-2.444889779559119347e+00 -2.900626639270316096e-02 -2.426860614236169000e-02
-2.364729458917835814e+00 -3.270372691419535377e-02 -3.215018734322644400e-02
-2.284569138276552280e+00 -3.617440143045509704e-02 -4.176651299382766469e-02
-2.204408817635272300e+00 -3.916236550703842273e-02 -5.330662298521405412e-02
-2.124248496993988766e+00 -4.135502120553954247e-02 -6.693211587750352853e-02
-2.044088176352705233e+00 -4.238372785661214531e-02 -8.276227607842409628e-02
-1.963927855711425252e+00 -4.182786311902376986e-02 -1.008580083047078274e-01
-1.883767535070141719e+00 -3.922286495470733020e-02 -1.212053479433180952e-01
-1.803607214428858185e+00 -3.407263799848842672e-02 -1.436995198346422975e-01
-1.723446893787574652e+00 -2.586647280466154372e-02 -1.681306875916283028e-01
-1.643286573146294671e+00 -1.410033009488033916e-02 -1.941726485989928030e-01
-1.563126252505011138e+00 1.698001861167952251e-03 -2.213757649567421049e-01
-1.482965931863727604e+00 2.194073924722801661e-02 -2.491653597862272251e-01
-1.402805611222444071e+00 4.695015645151519312e-02 -2.768466392279383959e-01
-1.322645290581164090e+00 7.692843073229101158e-02 -3.036169189331737739e-01
-1.242484969939880557e+00 1.119291161024172643e-01 -3.285855455892283117e-01
-1.162324649298597024e+00 1.518322524135043983e-01 -3.508014256510761930e-01
-1.082164328657317043e+00 1.963251523750660088e-01 -3.692875325431580480e-01
-1.002004008016033509e+00 2.448907935730226249e-01 -3.830811974474897519e-01
-9.218436873747499760e-01 2.968054641595583298e-01 -3.912784420498620075e-01
-8.416833667334664426e-01 3.511468731654553976e-01 -3.930801327351209351e-01
-7.615230460921864619e-01 4.068133577370032228e-01 -3.878373726244522812e-01
-6.813627254509029285e-01 4.625541333016908174e-01 -3.750933431009915719e-01
-6.012024048096193951e-01 5.170097851522080790e-01 -3.546187925360995141e-01
-5.210420841683358617e-01 5.687614475028559546e-01 -3.264385650007188278e-01
-4.408817635270558810e-01 6.163864202437339124e-01 -2.908469667140484716e-01
-3.607214428857723476e-01 6.585173955872665186e-01 -2.484103649587160456e-01
-2.805611222444888142e-01 6.939020614661918218e-01 -1.999561668954407956e-01
-2.004008016032088335e-01 7.214596588006776390e-01 -1.465481817854886182e-01
-1.202404809619253001e-01 7.403311216976595777e-01 -8.944926527845317721e-02
-4.008016032064176670e-02 7.499197292439285789e-01 -3.007300798687324514e-02
4.008016032064176670e-02 7.499197292439285789e-01 3.007300798687324514e-02
1.202404809619217474e-01 7.403311216976602438e-01 8.944926527845059594e-02
2.004008016032052808e-01 7.214596588006786382e-01 1.465481817854861479e-01
2.805611222444888142e-01 6.939020614661918218e-01 1.999561668954407956e-01
3.607214428857723476e-01 6.585173955872665186e-01 2.484103649587160456e-01
4.408817635270523283e-01 6.163864202437360218e-01 2.908469667140466952e-01
5.210420841683358617e-01 5.687614475028559546e-01 3.264385650007188278e-01
6.012024048096193951e-01 5.170097851522080790e-01 3.546187925360995141e-01
6.813627254508993758e-01 4.625541333016932599e-01 3.750933431009908503e-01
7.615230460921829092e-01 4.068133577370056653e-01 3.878373726244517816e-01
8.416833667334664426e-01 3.511468731654553976e-01 3.930801327351209351e-01
9.218436873747499760e-01 2.968054641595583298e-01 3.912784420498620075e-01
1.002004008016029957e+00 2.448907935730248731e-01 3.830811974474903625e-01
1.082164328657313490e+00 1.963251523750680905e-01 3.692875325431587696e-01
1.162324649298597024e+00 1.518322524135043983e-01 3.508014256510761930e-01
1.242484969939880557e+00 1.119291161024172643e-01 3.285855455892283117e-01
1.322645290581160538e+00 7.692843073229244100e-02 3.036169189331749396e-01
1.402805611222444071e+00 4.695015645151519312e-02 2.768466392279383959e-01
1.482965931863727604e+00 2.194073924722801661e-02 2.491653597862272251e-01
1.563126252505007585e+00 1.698001861168748055e-03 2.213757649567433261e-01
1.643286573146291119e+00 -1.410033009487973200e-02 1.941726485989939965e-01
1.723446893787574652e+00 -2.586647280466154372e-02 1.681306875916283028e-01
1.803607214428858185e+00 -3.407263799848842672e-02 1.436995198346422975e-01
1.883767535070138166e+00 -3.922286495470714979e-02 1.212053479433190251e-01
1.963927855711421699e+00 -4.182786311902369353e-02 1.008580083047086878e-01
2.044088176352705233e+00 -4.238372785661214531e-02 8.276227607842409628e-02
2.124248496993988766e+00 -4.135502120553954247e-02 6.693211587750352853e-02
2.204408817635268747e+00 -3.916236550703852681e-02 5.330662298521459536e-02
2.284569138276552280e+00 -3.617440143045509704e-02 4.176651299382766469e-02
2.364729458917835814e+00 -3.270372691419535377e-02 3.215018734322644400e-02
2.444889779559115794e+00 -2.900626639270331708e-02 2.426860614236200225e-02
2.525050100200399328e+00 -2.528342030096995471e-02 1.791841680266684569e-02
2.605210420841682861e+00 -2.168630778800750836e-02 1.289299910936308677e-02
2.685370741482966395e+00 -1.832143145432851145e-02 8.991279956402071713e-03
2.765531062124246375e+00 -1.525715001180050212e-02 6.024333976935596427e-03
2.845691382765529909e+00 -1.253043040553873839e-02 3.819913978641989363e-03
2.925851703406813442e+00 -1.015345285946598654e-02 2.225145676353150557e-03
3.006012024048096976e+00 -8.119749567947113708e-03 1.107676231235552120e-03
3.086172344689376956e+00 -6.409661393837461432e-03 3.555895427941846670e-04
3.166332665330660490e+00 -4.994990291401600266e-03 -1.236013369656674302e-04
3.246492985971944023e+00 -3.842803941149577646e-03 -4.045965715484258428e-04
3.326653306613224004e+00 -2.918411119508663044e-03 -5.463342041750327742e-04
3.406813627254507537e+00 -2.187571317673909881e-03 -5.941877203309289465e-04
3.486973947895791071e+00 -1.618031169867836187e-03 -5.821726932268209403e-04
3.567134268537074604e+00 -1.180495415988769628e-03 -5.350428636417595661e-04
3.647294589178354585e+00 -8.491440165135370928e-04 -4.701959751057062159e-04
3.727454909819638118e+00 -6.018024509346285274e-04 -3.993437419863666909e-04
3.807615230460921651e+00 -4.198618571631549594e-04 -3.299276815552856118e-04
3.887775551102205185e+00 -2.880319018556281620e-04 -2.662831402675414224e-04
3.967935871743485166e+00 -1.939940883111687209e-04 -2.105681755304828699e-04
4.048096192384768699e+00 -1.280081240912886074e-04 -1.634828476075663871e-04
4.128256513026052232e+00 -8.251004401214225947e-05 -1.248089377170285262e-04
4.208416833667332213e+00 -5.172866548060201094e-05 -9.380118331098156602e-05
4.288577154308615746e+00 -3.133695182026148259e-05 -6.945979624875082633e-05
4.368737474949899280e+00 -1.814702306813696046e-05 -5.071116738826897933e-05
4.448897795591182813e+00 -9.851746586791266264e-06 -3.651996899200160123e-05
4.529058116232462794e+00 -4.811811519159494819e-06 -2.595188596712148750e-05
4.609218436873746327e+00 -1.884635121409122370e-06 -1.820232327065204777e-05
4.689378757515029861e+00 -2.900466766350491804e-07 -1.260289768153368965e-05
4.769539078156313394e+00 4.928541377394734689e-07 -8.614463740782007532e-06
4.849699398797593375e+00 8.032257534197664729e-07 -5.812897226393808237e-06
4.929859719438876908e+00 8.555454776525834172e-07 -3.871856562566793704e-06
5.010020040080160442e+00 7.807261645360184749e-07 -2.545216603330964978e-06
5.090180360721440422e+00 6.551080897795324656e-07 -1.650753347741843313e-06
5.170340681362723956e+00 5.204425370205868827e-07 -1.055877996911187367e-06
5.250501002004007489e+00 3.973347502003195304e-07 -6.657015849507239288e-07
5.330661322645291023e+00 2.940470726467466425e-07 -4.133915455765544863e-07
5.410821643286571003e+00 2.120889113685051601e-07 -2.526032894471286205e-07
5.490981963927854537e+00 1.496376356716935595e-07 -1.516882441334983612e-07
5.571142284569138070e+00 1.035356419576867667e-07 -8.936029824954253346e-08
5.651302605210418051e+00 7.038204576471331472e-08 -5.151981644501790373e-08
5.731462925851701584e+00 4.707011890968770488e-08 -2.897060108083916385e-08
5.811623246492985118e+00 3.100141136352043791e-08 -1.580862960111558924e-08
5.891783567134268651e+00 2.012352167620206354e-08 -8.304865661249990453e-09
5.971943887775548632e+00 1.288144673421071589e-08 -4.143920855954895727e-09
6.052104208416832165e+00 8.134875186831481161e-09 -1.914006132059299654e-09
6.132264529058115698e+00 5.069880261705388955e-09 -7.710129907668573185e-10
6.212424849699399232e+00 3.118856710523590177e-09 -2.210608044710875878e-10
6.292585170340679213e+00 1.894064640217114193e-09 1.780447282519943331e-11
6.372745490981962746e+00 1.135558877590301828e-09 1.019736521556159758e-10
6.452905811623246279e+00 6.720748597538411566e-10 1.151728670585400070e-10
6.533066132264526260e+00 3.926079266320388382e-10 1.001994241525637485e-10
6.613226452905809793e+00 2.263255707214692540e-10 7.753254115979240097e-11
6.693386773547093327e+00 1.287048437682510924e-10 5.596997191316049034e-11
6.773547094188376860e+00 7.216748263566669239e-11 3.852682370262743595e-11
6.853707414829656841e+00 3.987534667642179930e-11 2.558822565140357103e-11
6.933867735470940374e+00 2.169339380622973235e-11 1.651478521560148525e-11
7.014028056112223908e+00 1.160750691886829463e-11 1.040539128107477633e-11
7.094188376753507441e+00 6.099694506482574076e-12 6.420338861949529310e-12
7.174348697394787422e+00 3.141787203867531103e-12 3.888088453827005791e-12
7.254509018036070955e+00 1.581785461482693129e-12 2.314707957713732213e-12
7.334669338677354489e+00 7.753373744565633457e-13 1.356317119058058512e-12
7.414829659318634469e+00 3.677793402234849929e-13 7.829340785208189574e-13
7.494989979959918003e+00 1.671895474935892379e-13 4.455392952950138794e-13
7.575150300601201536e+00 7.159341487748772869e-14 2.500735357282866009e-13
7.655310621242485070e+00 2.788284168665358083e-14 1.384954227536999679e-13
7.735470941883765050e+00 9.013690507377303186e-15 7.570162944078278227e-14
7.815631262525048584e+00 1.567233095374978191e-15 4.084614110066767425e-14
7.895791583166332117e+00 -9.102092598131819489e-16 2.175747268730323721e-14
7.975951903807615651e+00 -1.402464288284365712e-15 1.144133468630178776e-14
8.056112224448895631e+00 -1.217088794988015667e-15 5.939071501110767640e-15
8.136272545090179165e+00 -8.824920498844185595e-16 3.042695110448336881e-15
8.216432865731462698e+00 -5.832450947301246267e-16 1.538077534820398645e-15
8.296593186372742679e+00 -3.634677105745421250e-16 7.668502466911239991e-16
8.376753507014026212e+00 -2.171891769953973913e-16 3.769020970812941160e-16
8.456913827655309746e+00 -1.256328104960773439e-16 1.824864543974170659e-16
8.537074148296593279e+00 -7.076685483765030656e-17 8.695970638666506430e-17
8.617234468937873260e+00 -3.896904128034704291e-17 4.073438850427308515e-17
8.697394789579156793e+00 -2.103546532363450240e-17 1.872610655929374230e-17
8.777555110220440326e+00 -1.115253299717253979e-17 8.429436033945068538e-18
8.857715430861723860e+00 -5.815761569093615570e-18 3.703663221944704646e-18
8.937875751503003841e+00 -2.986189000648180509e-18 1.580934971849559126e-18
9.018036072144287374e+00 -1.510975727208957750e-18 6.508725669647183852e-19
9.098196392785570907e+00 -7.538640939009779272e-19 2.553411760762498249e-19
9.178356713426850888e+00 -3.710416940484768024e-19 9.332934165673904147e-20
9.258517034068134421e+00 -1.802149217883760019e-19 3.024187038435471705e-20
9.338677354709417955e+00 -8.639638785533711529e-20 7.457218036656013399e-21
9.418837675350701488e+00 -4.088794435329077422e-20 2.428889165879602893e-22
9.498997995991981469e+00 -1.910339710641887917e-20 -1.420464026972478479e-21
9.579158316633265002e+00 -8.811019624745523690e-21 -1.371158769247971615e-21
9.659318637274548536e+00 -4.011341074253934683e-21 -9.584622285997328345e-22
9.739478957915832069e+00 -1.802223759018088515e-21 -5.866575814010348935e-22
9.819639278557112050e+00 -7.988155117232599177e-22 -3.329056090968780553e-22
9.899799599198395583e+00 -3.491507414637620471e-22 -1.795680429426732340e-22
9.979959919839679117e+00 -1.504018715898018514e-22 -9.328794135554175214e-23
1.006012024048095910e+01 -6.380132192493173337e-23 -4.704257020750954128e-23
1.014028056112224263e+01 -2.662536100256601880e-23 -2.314122202033174281e-23
1.022044088176352616e+01 -1.091577957654364678e-23 -1.114220741871895331e-23
1.030060120240480970e+01 -4.388334976647170807e-24 -5.263488454428882396e-24
1.038076152304608968e+01 -1.725479266897292807e-24 -2.443651835651196463e-24
1.046092184368737321e+01 -6.611159013637455691e-25 -1.116403290752254317e-24
1.054108216432865675e+01 -2.454679429185618649e-25 -5.023826992342482607e-25
1.062124248496994028e+01 -8.754406460492551391e-26 -2.228406245533714642e-25
1.070140280561122026e+01 -2.953414294251227238e-26 -9.748482866517442400e-26
1.078156312625250379e+01 -9.144851617853530085e-27 -4.207635540881934972e-26
1.086172344689378733e+01 -2.413504641908912886e-27 -1.792348779413127370e-26
1.094188376753506731e+01 -4.050298657244972025e-28 -7.536537200243142967e-27
1.102204408817635084e+01 8.282871529519224754e-29 -3.128447053651059683e-27
1.110220440881763437e+01 1.372239127265115850e-28 -1.282033994084467594e-27
1.118236472945891791e+01 9.801691200830101777e-29 -5.186255358622437586e-28
1.126252505010019789e+01 5.662998181063074003e-29 -2.070731874581721399e-28
1.134268537074148142e+01 2.951332609329502690e-29 -8.158304566226827206e-29
1.142284569138276495e+01 1.443590447092180731e-29 -3.170478129047806537e-29
1.150300601202404849e+01 6.753862667336326591e-30 -1.214741630509434058e-29
1.158316633266532847e+01 3.054315667389299358e-30 -4.585551431716976745e-30
1.166332665330661200e+01 1.343778834365643734e-30 -1.704000713487934552e-30
1.174348697394789554e+01 5.776000835797668003e-31 -6.226116788325203214e-31
1.182364729458917552e+01 2.432616773604887814e-31 -2.233375326664506875e-31
1.190380761523045905e+01 1.005928452087037642e-31 -7.848453965427109049e-32
1.198396793587174258e+01 4.090409394366095804e-32 -2.693975890198940308e-32
1.206412825651302256e+01 1.637437789001317319e-32 -8.993097300924241017e-33
1.214428857715430610e+01 6.458510413824996665e-33 -2.900337000242618286e-33
1.222444889779558963e+01 2.511597777635595605e-33 -8.938789853509044241e-34
1.230460921843687316e+01 9.634482867487119348e-34 -2.581159595820080157e-34
1.238476953907815670e+01 3.646878176895862070e-34 -6.696547378164630004e-35
1.246492985971944023e+01 1.362496290207624568e-34 -1.386886912299970887e-35
1.254509018036071666e+01 5.025000337504513286e-35 -1.069503329096236049e-36
1.262525050100200019e+01 1.829579673334626891e-35 1.078501056428797218e-36
1.270541082164328373e+01 6.576162755702590051e-36 9.202890878207401950e-37
1.278557114228456726e+01 2.333214266823394246e-36 5.197937571390794762e-37
1.286573146292585079e+01 8.169835420223908498e-37 2.521505952253805378e-37
1.294589178356713433e+01 2.822413729185566412e-37 1.125741190667786404e-37
1.302605210420841786e+01 9.616071536576068336e-38 4.760456763958734084e-38
1.310621242484970139e+01 3.229260090298846068e-38 1.935019838634876471e-38
1.318637274549097782e+01 1.068111578244173738e-38 7.625379122633376915e-39
1.326653306613226135e+01 3.476283441621655160e-39 2.928998657012176816e-39
1.334669338677354489e+01 1.111821990871248295e-39 1.100593023239759976e-39
1.342685370741482842e+01 3.488317805057292029e-40 4.055837052873462773e-40
1.350701402805611195e+01 1.071043712587614526e-40 1.468492825500964418e-40
1.358717434869739549e+01 3.207105579623510302e-41 5.231009008634614497e-41
1.366733466933867902e+01 9.317817965520674333e-42 1.835101505893664913e-41
1.374749498997995545e+01 2.605684557049203521e-42 6.344936592046907628e-42
1.382765531062123898e+01 6.918324979911793928e-43 2.163402317150658693e-42
1.390781563126252252e+01 1.698976373626714410e-43 7.277401276646122243e-43
1.398797595190380605e+01 3.631281452505034983e-44 2.415896415355597121e-43
1.406813627254508958e+01 5.473503415425204683e-45 7.916490726357788244e-44
1.414829659318637312e+01 -2.850289416595858274e-46 2.560881256399448253e-44
1.422845691382765665e+01 -7.486751887737002613e-46 8.178272223853571932e-45
1.430861723446893308e+01 -4.464254904818684249e-46 2.578255363345664827e-45
1.438877755511021661e+01 -2.062308113469318051e-46 8.022726691345311633e-46
1.446893787575150014e+01 -8.486796975020842761e-47 2.463477298519819418e-46
1.454909819639278368e+01 -3.260387318279028682e-47 7.462049260712076102e-47
1.462925851703406721e+01 -1.194746678970226485e-47 2.228681562767295342e-47
1.470941883767535074e+01 -4.225077242967252786e-48 6.559148989345611222e-48
1.478957915831663428e+01 -1.452117131203692682e-48 1.900632933483470880e-48
1.486973947895791781e+01 -4.872550319657381931e-49 5.416586559113688720e-49
1.494989979959919424e+01 -1.601214252425119534e-49 1.515985324261569968e-49
1.503006012024047777e+01 -5.164624868549441466e-50 4.158551745539967355e-50
1.511022044088176131e+01 -1.637657065865951955e-50 1.114963250723593658e-50
1.519038076152304484e+01 -5.111187756449480506e-51 2.910086682307628956e-51
1.527054108216432837e+01 -1.571545532953609040e-51 7.349099957279051731e-52
1.535070140280561191e+01 -4.763591546867049058e-52 1.778153409889653152e-52
1.543086172344689544e+01 -1.424187299252371726e-52 4.050656551492575878e-53
1.551102204408817187e+01 -4.201348034619317142e-53 8.382846105989380768e-54
1.559118236472945540e+01 -1.223247548053088763e-53 1.435049101799551146e-54
1.567134268537073893e+01 -3.515743713235966602e-54 1.288061673593559481e-55
1.575150300601202247e+01 -9.975439430459430973e-55 -4.346026812876169136e-56
1.583166332665330600e+01 -2.794198643776446133e-55 -3.474163674347673952e-56
1.591182364729458953e+01 -7.726003928333973116e-56 -1.597213870973019401e-56
1.599198396793587307e+01 -2.108378164451939161e-56 -6.154620456142065889e-57
1.607214428857714950e+01 -5.677000632917099874e-57 -2.163980602241965414e-57
1.615230460921843303e+01 -1.507640143670582593e-57 -7.177798645698302223e-58
1.623246492985971656e+01 -3.946902961866045433e-58 -2.283499439819766890e-58
1.631262525050100010e+01 -1.017868820618752729e-58 -7.033501523551044848e-59
1.639278557114228363e+01 -2.583465262546606120e-59 -2.109834517459876004e-59
1.647294589178356716e+01 -6.445489898067047359e-60 -6.187543859780114272e-60
1.655310621242485070e+01 -1.578099779150922862e-60 -1.778902095289143654e-60
1.663326653306613423e+01 -3.783143331972704437e-61 -5.023313632970576429e-61
1.671342685370741066e+01 -8.851507439553269746e-62 -1.395249086635627716e-61
1.679358717434869419e+01 -2.011765505038419889e-62 -3.815922067472469496e-62
1.687374749498997772e+01 -4.409108844715278876e-63 -1.028450297927360678e-62
1.695390781563126126e+01 -9.204860920945221228e-64 -2.733174981970203935e-63
1.703406813627254479e+01 -1.789200106759948606e-64 -7.165546206801126369e-64
1.711422845691382832e+01 -3.077967476911115205e-65 -1.853839479291359790e-64
1.719438877755511186e+01 -4.003666461952872101e-66 -4.734056321189790672e-65
1.727454909819638829e+01 -5.024886823194638856e-68 -1.193412005520184026e-65
1.735470941883767182e+01 2.260091515577740008e-67 -2.970045269602569054e-66
1.743486973947895535e+01 1.148456473388183820e-67 -7.296847001236454074e-67
1.751503006012023889e+01 4.260410122098039536e-68 -1.769512820335845103e-67
1.759519038076152242e+01 1.386588908969496266e-68 -4.234727067305496028e-68
1.767535070140280595e+01 4.186961703209360921e-69 -9.997980593206966908e-69
1.775551102204408949e+01 1.202220023761595031e-69 -2.327679015423637194e-69
1.783567134268536591e+01 3.325441533502642777e-70 -5.340738950479547267e-70
1.791583166332664945e+01 8.929778785228566993e-71 -1.206722473407350968e-70
1.799599198396793298e+01 2.339372755486341068e-71 -2.682203552750566057e-71
1.807615230460921651e+01 5.998931549167110470e-72 -5.856721547252203481e-72
1.815631262525050005e+01 1.509331161028577250e-72 -1.253957344055218055e-72
1.823647294589178358e+01 3.732261882606556032e-73 -2.625712509172566454e-73
1.831663326653306711e+01 9.082095546861048371e-74 -5.357071852838332199e-74
1.839679358717435065e+01 2.176905423089272050e-74 -1.058991627191034369e-74
1.847695390781562708e+01 5.143337707426111310e-75 -2.010323163681831004e-75
1.855711422845691061e+01 1.198499565819586473e-75 -3.608368870351626681e-76
1.863727454909819414e+01 2.755448732956875371e-76 -5.938780720681029920e-77
1.871743486973947768e+01 6.252192111123188157e-77 -8.308864771542422237e-78
1.879759519038076121e+01 1.400356226387135176e-77 -7.282908938500613272e-79
1.887775551102204474e+01 3.096370298331162729e-78 8.733952381553876610e-80
1.895791583166332828e+01 6.758973804032010296e-79 7.352819107930885896e-80
1.903807615230460470e+01 1.456435308257885320e-79 2.778671341787126131e-80
1.911823647294588824e+01 3.097528729529301550e-80 8.528678043840494753e-81
1.919839679358717177e+01 6.500439171417070903e-81 2.364310307394486503e-81
1.927855711422845530e+01 1.345596573280045002e-81 6.154929440676621861e-82
1.935871743486973884e+01 2.746097793436749889e-82 1.533032152863617561e-82
1.943887775551102237e+01 5.521518513644778276e-83 3.691543167793431294e-83
1.951903807615230590e+01 1.092854229972526600e-83 8.648975591183025700e-84
1.959919839679358233e+01 2.126780838652662960e-84 1.979881686736119480e-84
1.967935871743486587e+01 4.063154290697678717e-85 4.441027762142137394e-85
1.975951903807614940e+01 7.604286766922239300e-86 9.781177111410233696e-86
1.983967935871743293e+01 1.389976693767308369e-86 2.118445167343451288e-86
1.991983967935871647e+01 2.470659667904312601e-87 4.517007714676376728e-87
2.000000000000000000e+01 4.241931547247573786e-88 9.489883585577104233e-88
